% create color arrays
% ColorBrewer: An online tool for selecting color schemes for maps. The Cartographic Journal 40(1): 27-37.

%% qualitative
qual_Paired_12 = ([166,206,227; ...
31,120,180; ...
178,223,138; ...
51,160,44; ...
251,154,153; ...
227,26,28; ...
253,191,111; ...
255,127,0; ...
202,178,214; ...
106,61,154; ...
255,255,153; ...
177,89,40])./255;

qual_Set3_12 = ([141,211,199; ...
255,255,179; ...
190,186,218; ...
251,128,114; ...
128,177,211; ...
253,180,98; ...
179,222,105; ...
252,205,229; ...
217,217,217; ...
188,128,189; ...
204,235,197; ...
255,237,111])./255;

color_qual = [qual_Paired_12; qual_Set3_12];
